3 0.6363671875 0.18708984375 0.0376171875 0.065390625
3 0.47642578125 0.76017578125 0.04138671875 0.050859375
3 0.296015625 0.6969140625 0.02658203125 0.05826171875
3 0.45736328125 0.65923828125 0.031171875 0.05544921875
3 0.5029296875 0.58712890625 0.02185546875 0.05076171875
3 0.5977734375 0.47177734375 0.03296875 0.0432421875
3 0.716328125 0.5136328125 0.03013671875 0.04884765625
3 0.56244140625 0.87322265625 0.0404296875 0.03697265625
3 0.32251953125 0.89787109375 0.02935546875 0.0472265625
3 0.70193359375 0.7490234375 0.02921875 0.06203125
3 0.72609375 0.6364453125 0.02177734375 0.03775390625