3 0.27763671875 0.3864453125 0.03298828125 0.0466015625
3 0.35900390625 0.47580078125 0.04380859375 0.03869140625
3 0.32103515625 0.66828125 0.03296875 0.050390625
3 0.393359375 0.7041015625 0.05609375 0.06560546875
3 0.8175390625 0.1950390625 0.04076171875 0.05009765625
3 0.7094140625 0.34591796875 0.03716796875 0.05236328125
3 0.82802734375 0.33216796875 0.03134765625 0.0422265625
3 0.70796875 0.49171875 0.04296875 0.06185546875
3 0.76076171875 0.60279296875 0.035703125 0.06265625
3 0.815 0.52681640625 0.0400390625 0.04958984375
3 0.8019921875 0.7569140625 0.0487109375 0.0497265625
3 0.91806640625 0.74498046875 0.05083984375 0.05623046875
3 0.48810546875 0.766328125 0.02857421875 0.0425
3 0.39876953125 0.6295703125 0.05392578125 0.07279296875
3 0.519921875 0.79744140625 0.0227734375 0.07001953125
3 0.56548828125 0.60857421875 0.044453125 0.04818359375