5 0.4089705882352941 0.4303676470588235 0.06632352941176471 0.04757352941176471
5 0.624281045751634 0.41377450980392155 0.13936274509803923 0.11534313725490197
5 0.4733823529411764 0.4217156862745098 0.016339869281045753 0.01875
5 0.7026143790849673 0.49884803921568627 0.0115359477124183 0.025955882352941176
5 0.24029411764705882 0.37340686274509804 0.021143790849673202 0.02306372549019608
5 0.3469771241830065 0.2227450980392157 0.0115359477124183 0.01875
5 0.49259803921568635 0.2544607843137255 0.01826797385620915 0.024509803921568627
5 0.731454248366013 0.6697058823529412 0.015375816993464053 0.024509803921568627
5 0.6593627450980392 0.5082107843137255 0.0134640522875817 0.04470588235294117
5 0.5382516339869281 0.5557843137254902 0.13841503267973856 0.16002450980392158
5 0.3988888888888889 0.34384803921568624 0.11725490196078432 0.11100490196078432