6 0.37052287581699345 0.49884803921568627 0.25470588235294117 0.12686274509803921
6 0.7420261437908496 0.13840686274509803 0.09996732026143791 0.1528186274509804
6 0.6555228758169934 0.5269607843137255 0.2806535947712418 0.11100490196078432
6 0.4930718954248366 0.2277941176470588 0.2518300653594771 0.1845343137254902
6 0.8972549019607843 0.44262254901960785 0.1086111111111111 0.3200735294117647
5 0.8708169934640524 0.21409313725490195 0.024983660130718954 0.027401960784313725
5 0.9851960784313727 0.1622058823529412 0.015375816993464053 0.041813725490196074
5 0.6997385620915033 0.2544607843137255 0.019215686274509803 0.024509803921568627
5 0.9544444444444444 0.11318627450980392 0.02883986928104575 0.03605392156862745
5 0.9467483660130719 0.19823529411764704 0.021143790849673202 0.038921568627450984
7 0.22155228758169934 0.27681372549019606 0.03748366013071896 0.21049019607843136
7 0.8073856209150327 0.6985294117647058 0.03651960784313726 0.09659313725490196
7 0.9313725490196079 0.7287990196078432 0.02691176470588235 0.09083333333333334
7 0.12398692810457515 0.31862745098039214 0.040375816993464056 0.18742647058823528
7 0.5916013071895425 0.39 0.07209150326797385 0.056225490196078434