5 0.7996895424836602 0.7699019607843137 0.030751633986928106 0.0346078431372549
5 0.8559150326797387 0.705735294117647 0.010571895424836601 0.03316176470588235
5 0.755 0.546421568627451 0.01826797385620915 0.057671568627450986
5 0.46905228758169937 0.01875 0.02691176470588235 0.02306372549019608
5 0.5118300653594772 0.1333578431372549 0.049019607843137254 0.05333333333333334
5 0.6535947712418301 0.14921568627450982 0.0230718954248366 0.030269607843137255
5 0.09323529411764707 0.1679656862745098 0.02691176470588235 0.03316176470588235
5 0.5901633986928104 0.8910049019607843 0.0230718954248366 0.028823529411764706
5 0.5690196078431373 0.758357843137255 0.021143790849673202 0.025955882352941176
5 0.558921568627451 0.7165441176470588 0.029803921568627448 0.0346078431372549
5 0.602173202614379 0.7086274509803921 0.0201797385620915 0.024509803921568627
5 0.5848692810457516 0.6632107843137254 0.025947712418300656 0.028823529411764706
5 0.4431045751633987 0.193921568627451 0.019215686274509803 0.03316176470588235
5 0.6809803921568627 0.4094607843137255 0.027875816993464052 0.03747549019607843