5 0.6026470588235294 0.011544117647058823 0.021143790849673202 0.02306372549019608
5 0.6041013071895425 0.12686274509803921 0.0413235294117647 0.04612745098039216
5 0.32439542483660133 0.5255147058823529 0.11053921568627452 0.08794117647058824
5 0.28354575163398693 0.04252450980392157 0.0461437908496732 0.03316176470588235
5 0.4940359477124183 0.3272794117647059 0.05766339869281046 0.1239950980392157
5 0.7920098039215686 0.4858823529411765 0.055751633986928104 0.17012254901960783
5 0.19271241830065358 0.23715686274509806 0.0893954248366013 0.2955637254901961
5 0.08890522875816993 0.30637254901960786 0.09323529411764707 0.19463235294117645
5 0.31669934640522873 0.5911274509803922 0.027875816993464052 0.03747549019607843
5 0.4661601307189543 0.5716666666666667 0.10187908496732026 0.06487745098039216
5 0.5848692810457516 0.4505392156862745 0.0125 0.038921568627450984
5 0.6728104575163398 0.4418872549019608 0.03844771241830065 0.050465686274509806
5 0.31526143790849676 0.4008088235294118 0.02691176470588235 0.05477941176470589