5 0.6358169934640523 0.6487990196078431 0.06248366013071896 0.10093137254901961
5 0.4652124183006536 0.5255147058823529 0.07112745098039217 0.07642156862745098
5 0.41522875816993465 0.2631127450980392 0.021143790849673202 0.030269607843137255
5 0.6569607843137255 0.2313970588235294 0.016339869281045753 0.03605392156862745
5 0.7636437908496733 0.11605392156862746 0.01826797385620915 0.03316176470588235
5 0.7429901960784313 0.273921568627451 0.0346078431372549 0.060563725490196084
5 0.4214705882352941 0.42892156862745096 0.016339869281045753 0.027401960784313725
5 0.2273202614379085 0.899656862745098 0.024035947712418303 0.0346078431372549
5 0.46905228758169937 0.7295343137254902 0.02883986928104575 0.043259803921568626
5 0.6117810457516341 0.2638480392156863 0.014411764705882353 0.028823529411764706
5 0.5252777777777778 0.8751470588235294 0.024035947712418303 0.031715686274509804
5 0.38302287581699346 0.5817401960784313 0.0201797385620915 0.024509803921568627
5 0.4882679738562091 0.08938725490196078 0.049983660130718956 0.060563725490196084
5 0.8588071895424837 0.10019607843137256 0.05094771241830065 0.08794117647058824
5 0.7761437908496732 0.36909313725490195 0.0413235294117647 0.0346078431372549
5 0.6290849673202614 0.4981372549019608 0.0221078431372549 0.03605392156862745
5 0.46568627450980393 0.351078431372549 0.0336437908496732 0.041813725490196074