5 0.32439542483660133 0.4880392156862745 0.025947712418300656 0.024509803921568627
5 0.4161928104575163 0.22924019607843138 0.024983660130718954 0.031715686274509804
5 0.5473856209150327 0.1016421568627451 0.024035947712418303 0.038921568627450984
5 0.6122712418300653 0.5961764705882353 0.024983660130718954 0.02161764705882353
5 0.6766666666666666 0.5428186274509804 0.015375816993464053 0.030269607843137255
5 0.5420915032679738 0.48083333333333333 0.021143790849673202 0.02161764705882353
5 0.6742647058823529 0.33448529411764705 0.016339869281045753 0.031715686274509804
5 0.39119281045751636 0.6451960784313726 0.021143790849673202 0.03316176470588235
5 0.33784313725490195 0.5687745098039215 0.0201797385620915 0.024509803921568627
5 0.40369281045751637 0.4764950980392157 0.01730392156862745 0.02161764705882353
5 0.4584803921568627 0.4123529411764706 0.0115359477124183 0.028823529411764706
5 0.4652124183006536 0.3467401960784314 0.015375816993464053 0.030269607843137255
5 0.4060947712418301 0.3496323529411765 0.0125 0.02161764705882353
5 0.3811111111111111 0.2797058823529412 0.0221078431372549 0.031715686274509804