5 0.41763071895424836 0.15464373464373463 0.08169934640522876 0.11852579852579853
5 0.688202614379085 0.41552825552825556 0.01730392156862745 0.03901719901719902
5 0.639656862745098 0.5282555282555282 0.0221078431372549 0.03901719901719902
5 0.7319281045751634 0.7623832923832924 0.024035947712418303 0.02457002457002457
5 0.6468627450980392 0.6460442260442261 0.019215686274509803 0.034692874692874694
5 0.7689379084967319 0.4986240786240786 0.01730392156862745 0.02601965601965602
5 0.3772549019607843 0.5802948402948404 0.031715686274509804 0.036142506142506144
5 0.5026960784313725 0.31073710073710076 0.030751633986928106 0.046240786240786244
5 0.5392156862745098 0.8931941031941031 0.024983660130718954 0.034692874692874694
5 0.365718954248366 0.7118181818181818 0.024035947712418303 0.059262899262899266
5 0.27681372549019606 0.4408108108108108 0.03651960784313726 0.06358722358722359
5 0.3325653594771242 0.42997542997543 0.024983660130718954 0.05058968058968059
5 0.4065686274509804 0.2847174447174447 0.02883986928104575 0.040466830466830465
5 0.6353267973856209 0.437936117936118 0.01730392156862745 0.046240786240786244
5 0.6175490196078431 0.7703439803439803 0.024035947712418303 0.05203931203931204
5 0.5425816993464052 0.7183046683046683 0.0413235294117647 0.057813267813267816