7 0.7463398692810458 0.9126225490196079 0.09900326797385621 0.10958333333333334
7 0.8251633986928104 0.7785539215686273 0.0740032679738562 0.10093137254901961
7 0.1528267973856209 0.36909313725490195 0.06535947712418301 0.1903186274509804
8 0.5440196078431373 0.3265686274509804 0.19607843137254902 0.18022058823529413
8 0.5103758169934641 0.8657843137254903 0.22299019607843137 0.2032843137254902
8 0.20712418300653596 0.6213970588235295 0.09707516339869281 0.2191421568627451
8 0.24462418300653596 0.8708088235294118 0.22011437908496734 0.20183823529411762
8 0.47625816993464054 0.5702205882352941 0.379656862745098 0.2407843137254902
7 0.7266503267973856 0.2061764705882353 0.09996732026143791 0.05191176470588235
7 0.43493464052287584 0.8506372549019607 0.13359477124183008 0.11534313725490197
7 0.10524509803921568 0.6682598039215686 0.0893954248366013 0.10235294117647058
7 0.2686437908496732 0.19247549019607843 0.08553921568627451 0.20904411764705885
7 0.38542483660130716 0.16436274509803922 0.10187908496732026 0.1845343137254902
7 0.6569607843137255 0.1463480392156863 0.07209150326797385 0.056225490196078434
7 0.6708986928104574 0.76125 0.09034313725490196 0.07784313725490197
7 0.7631699346405229 0.46568627450980393 0.12111111111111111 0.08362745098039215
7 0.5382516339869281 0.16147058823529412 0.10187908496732026 0.05477941176470589
7 0.12302287581699348 0.12615196078431373 0.0672875816993464 0.1398529411764706
7 0.5238398692810458 0.3395343137254902 0.13071895424836602 0.07928921568627452