8 0.6655718954248365 0.4299128540305011 0.032679738562091505 0.07261437908496732
8 0.5550163398692811 0.32315904139433554 0.042483660130718956 0.15250544662309368
8 0.6165522875816993 0.36673202614379086 0.032679738562091505 0.07697167755991285
8 0.4373692810457517 0.2774074074074074 0.05555555555555555 0.15104575163398692
6 0.26633986928104575 0.4952723311546841 0.07952614379084967 0.0842483660130719
6 0.26580065359477123 0.17283224400871458 0.11764705882352941 0.06971677559912855
6 0.4226633986928105 0.0392156862745098 0.09586601307189543 0.04067538126361656
6 0.12908496732026145 0.5061655773420479 0.11655228758169935 0.06825708061002178
6 0.5158006535947712 0.2599782135076253 0.07733660130718954 0.08132897603485838
6 0.43027777777777776 0.13579520697167755 0.1503267973856209 0.10021786492374728
6 0.24509803921568626 0.32825708061002173 0.1655718954248366 0.15396514161220043