8 0.7309640522875818 0.08147058823529413 0.10477124183006536 0.15426470588235294
8 0.15619281045751635 0.7886274509803921 0.06248366013071896 0.16147058823529412
8 0.6382189542483659 0.4505392156862745 0.07882352941176471 0.20904411764705885
8 0.22346405228758168 0.6516666666666666 0.06055555555555556 0.22490196078431374
8 0.6098692810457517 0.11605392156862746 0.06823529411764706 0.12254901960784313
5 0.09996732026143791 0.24149509803921568 0.03844771241830065 0.04470588235294117
5 0.10908496732026145 0.7684558823529412 0.024035947712418303 0.0346078431372549
5 0.5310457516339869 0.8059313725490196 0.025947712418300656 0.03747549019607843
5 0.4603921568627451 0.12183823529411765 0.02691176470588235 0.024509803921568627
5 0.4253104575163399 0.4786519607843137 0.039411764705882354 0.06343137254901961
5 0.9453104575163398 0.39071078431372547 0.0336437908496732 0.03747549019607843
5 0.378218954248366 0.9191176470588235 0.0201797385620915 0.030269607843137255
5 0.08026143790849673 0.025220588235294116 0.0413235294117647 0.038921568627450984
5 0.45895424836601306 0.12325980392156863 0.01826797385620915 0.06487745098039216
5 0.8141176470588235 0.8311764705882353 0.040375816993464056 0.050465686274509806
5 0.8304575163398693 0.7251960784313726 0.032679738562091505 0.04612745098039216
5 0.25279411764705884 0.860735294117647 0.042287581699346405 0.06343137254901961
5 0.11004901960784313 0.6156372549019608 0.027875816993464052 0.049019607843137254
5 0.2052124183006536 0.2472549019607843 0.025947712418300656 0.030269607843137255
5 0.7333660130718954 0.1809313725490196 0.03844771241830065 0.050465686274509806
5 0.1547549019607843 0.08794117647058824 0.042287581699346405 0.049019607843137254