5 0.43107843137254903 0.22852941176470587 0.027875816993464052 0.04470588235294117
5 0.4815522875816993 0.6761764705882353 0.032679738562091505 0.0346078431372549
5 0.3988888888888889 0.7042892156862746 0.032679738562091505 0.04470588235294117
5 0.42916666666666664 0.4663970588235294 0.0432516339869281 0.041813725490196074
5 0.4868300653594771 0.41737745098039214 0.05478758169934641 0.03605392156862745
5 0.2359640522875817 0.3568382352941177 0.039411764705882354 0.027401960784313725
5 0.06968954248366013 0.24509803921568626 0.025947712418300656 0.0346078431372549
5 0.31669934640522873 0.07281862745098039 0.016339869281045753 0.024509803921568627
5 0.7338562091503268 0.17012254901960783 0.03748366013071896 0.03747549019607843
5 0.7679738562091504 0.569485294117647 0.0884313725490196 0.060563725490196084
5 0.781437908496732 0.4548774509803922 0.0346078431372549 0.05333333333333334
5 0.6213888888888889 0.8441421568627452 0.0643954248366013 0.05911764705882353
5 0.3979248366013072 0.8131372549019608 0.06151960784313725 0.0346078431372549
5 0.6113071895424836 0.666078431372549 0.0442156862745098 0.031715686274509804
5 0.6074509803921568 0.5204656862745098 0.042287581699346405 0.057671568627450986
5 0.30901960784313726 0.5709313725490196 0.039411764705882354 0.11245098039215687
5 0.3839869281045752 0.6012009803921569 0.049019607843137254 0.060563725490196084
5 0.6262091503267974 0.32151960784313727 0.03748366013071896 0.060563725490196084
5 0.46328431372549017 0.3013235294117647 0.04805555555555555 0.03747549019607843
5 0.40032679738562094 0.3207843137254902 0.025947712418300656 0.050465686274509806
5 0.45367647058823524 0.15137254901960784 0.05189542483660131 0.043259803921568626