7 0.9570424836601308 0.4000581395348837 0.029575163398692813 0.10244186046511629
7 0.7761437908496732 0.3855232558139535 0.041241830065359475 0.15642441860465117
7 0.31473856209150325 0.5301744186046512 0.07392156862745099 0.23531976744186048
7 0.4415686274509804 0.23255813953488372 0.04279411764705882 0.1273546511627907
7 0.5594444444444444 0.23186046511627909 0.032679738562091505 0.12319767441860466
7 0.492140522875817 0.7752034883720931 0.04434640522875817 0.1661046511627907
7 0.5936764705882352 0.6070058139534884 0.026454248366013074 0.1840988372093023
7 0.7115686274509804 0.6360755813953488 0.05524509803921569 0.20625000000000002
7 0.6582679738562092 0.35505813953488374 0.028006535947712418 0.16194767441860466
7 0.45323529411764707 0.5578488372093023 0.1672875816993464 0.23808139534883724
7 0.39254901960784316 0.3869186046511628 0.03656862745098039 0.1536627906976744