7 0.29502890173410407 0.9041339869281046 0.15173410404624277 0.06535947712418301
7 0.3841618497109826 0.9722222222222222 0.036127167630057806 0.049019607843137254
7 0.6286127167630058 0.5256045751633988 0.11560693641618497 0.04357843137254902
7 0.6755780346820809 0.40509803921568627 0.12765895953757225 0.058545751633986925
7 0.4913294797687861 0.5909640522875818 0.03372832369942196 0.051748366013071895
7 0.5190173410404625 0.7713725490196078 0.06020231213872832 0.07217320261437908
7 0.5250578034682081 0.9620098039215687 0.05297687861271676 0.06944444444444445
7 0.2565028901734104 0.4112254901960784 0.16618497109826588 0.02723856209150327
7 0.6466763005780347 0.7611601307189543 0.0843063583815029 0.09259803921568628
7 0.9007803468208093 0.7128267973856209 0.08670520231213873 0.0667156862745098
7 0.8441618497109826 0.530359477124183 0.1180057803468208 0.05583333333333334
7 0.608150289017341 0.8551143790849673 0.0457514450867052 0.07897058823529411
7 0.3913872832369942 0.8299346405228758 0.06020231213872832 0.04493464052287582
7 0.23361271676300577 0.6658496732026143 0.10598265895953758 0.04357843137254902
7 0.608150289017341 0.6631209150326797 0.07947976878612717 0.08986928104575163
7 0.6310115606936416 0.32611111111111113 0.27939306358381505 0.05310457516339869
7 0.40702312138728325 0.479297385620915 0.18303468208092485 0.032679738562091505