6 0.6975 0.8925653594771242 0.07965686274509803 0.12390522875816994
6 0.7393872549019608 0.7019281045751634 0.07352941176470588 0.18655228758169934
6 0.18382352941176472 0.5855065359477124 0.06943627450980391 0.07352941176470588
6 0.5565686274509805 0.646781045751634 0.16544117647058823 0.08986928104575163
5 0.8455882352941176 0.8558006535947712 0.04492647058823529 0.05037581699346405
5 0.6985294117647058 0.5351307189542484 0.0571813725490196 0.04084967320261438
5 0.345171568627451 0.5909640522875818 0.04492647058823529 0.02995098039215686
5 0.37683823529411764 0.4895098039215686 0.030637254901960783 0.025866013071895424
5 0.3748039215686274 0.43709150326797386 0.038799019607843134 0.02723856209150327
5 0.7271323529411765 0.4840686274509804 0.05311274509803922 0.05037581699346405
5 0.07862745098039216 0.6447385620915033 0.051053921568627446 0.058545751633986925