5 0.4738562091503268 0.5284068627450981 0.015375816993464053 0.03316176470588235
5 0.48250000000000004 0.45198529411764704 0.0230718954248366 0.030269607843137255
5 0.45367647058823524 0.6942156862745098 0.021143790849673202 0.027401960784313725
5 0.5084640522875817 0.663921568627451 0.0461437908496732 0.03605392156862745
5 0.33929738562091505 0.32512254901960785 0.01730392156862745 0.024509803921568627
5 0.40272875816993464 0.31502450980392155 0.0134640522875817 0.012965686274509804
5 0.4258006535947712 0.5975980392156862 0.0230718954248366 0.030269607843137255
5 0.4873202614379085 0.5666176470588236 0.021143790849673202 0.025955882352941176
5 0.4258006535947712 0.4721813725490196 0.03651960784313726 0.024509803921568627
5 0.5512254901960785 0.5680392156862745 0.024035947712418303 0.02306372549019608
5 0.6117810457516341 0.5139950980392157 0.024035947712418303 0.030269607843137255
5 0.4791503267973856 0.17661764705882355 0.01826797385620915 0.02161764705882353
5 0.39455882352941174 0.2227450980392157 0.0221078431372549 0.038921568627450984
5 0.39359477124183007 0.3806127450980392 0.01826797385620915 0.02306372549019608
5 0.45944444444444443 0.3835049019607843 0.02691176470588235 0.025955882352941176