5 0.73 0.6423039215686275 0.024035947712418303 0.04757352941176471
5 0.2571078431372549 0.5968872549019608 0.035555555555555556 0.05477941176470589
5 0.38735294117647057 0.6228431372549019 0.01730392156862745 0.03747549019607843
5 0.5786274509803921 0.6552696078431373 0.030751633986928106 0.041813725490196074
5 0.8155555555555556 0.4822549019607843 0.03748366013071896 0.027401960784313725
5 0.752107843137255 0.4613725490196079 0.024035947712418303 0.025955882352941176
5 0.5209477124183006 0.25806372549019607 0.030751633986928106 0.057671568627450986
5 0.5887091503267974 0.5190196078431373 0.0201797385620915 0.02306372549019608
5 0.4387745098039215 0.47938725490196077 0.0201797385620915 0.03605392156862745
5 0.2167483660130719 0.43252450980392154 0.016339869281045753 0.05191176470588235
5 0.4695261437908497 0.21553921568627452 0.024035947712418303 0.02161764705882353