8 0.36764705882352944 0.3200735294117647 0.4200326797385621 0.19607843137254902
8 0.5329738562091504 0.5377696078431372 0.2777777777777778 0.273921568627451
7 0.6958823529411765 0.47938725490196077 0.14993464052287583 0.15137254901960784
7 0.4661601307189543 0.35034313725490196 0.2749019607843137 0.09803921568627451
7 0.6819444444444445 0.9123529411764706 0.056715686274509805 0.1753186274509804
7 0.7434640522875817 0.9152205882352942 0.056715686274509805 0.1695588235294118
7 0.7497058823529411 0.677622549019608 0.09996732026143791 0.17301470588235296
7 0.35754901960784313 0.8546813725490195 0.040375816993464056 0.29066176470588234
7 0.6189869281045751 0.8318872549019608 0.030751633986928106 0.2277941176470588
7 0.08122549019607843 0.6927696078431372 0.05094771241830065 0.3013235294117647
7 0.5771895424836602 0.4454901960784314 0.12784313725490196 0.20183823529411762
7 0.5065359477124183 0.7251960784313726 0.13841503267973856 0.19897058823529412
7 0.2479738562091503 0.7677450980392158 0.16147058823529412 0.1715686274509804
7 0.4108986928104575 0.21193627450980393 0.29892156862745095 0.14129901960784313
7 0.25423202614379087 0.46568627450980393 0.11053921568627452 0.3085294117647059