5 0.59126953125 0.6899836601307189 0.046171875 0.04604575163398693
5 0.8203125 0.233218954248366 0.02486328125 0.02080065359477124
5 0.4075 0.45602941176470585 0.065703125 0.041584967320261436
5 0.5823828125 0.48573529411764704 0.0390625 0.032679738562091505
5 0.28232421875 0.5265849673202614 0.046171875 0.0430718954248366
5 0.41904296875 0.5555555555555556 0.0390625 0.041584967320261436
5 0.73685546875 0.3245751633986928 0.06037109375 0.049019607843137254
5 0.403046875 0.8028758169934641 0.046171875 0.037140522875817
5 0.85759765625 0.6402287581699346 0.06392578125 0.04455882352941176
5 0.70046875 0.6209150326797386 0.03728515625 0.03862745098039216
5 0.78658203125 0.8266503267973857 0.05681640625 0.054967320261437906
5 0.495390625 0.6535947712418301 0.0426171875 0.05348039215686274