5 0.6824346405228758 0.6480637254901961 0.09419934640522876 0.1369607843137255
5 0.4075326797385621 0.3842156862745098 0.0442156862745098 0.10524509803921568
5 0.29459150326797384 0.3179166666666667 0.0759313725490196 0.09372549019607844
5 0.5651633986928104 0.36620098039215687 0.0884313725490196 0.10093137254901961
5 0.5670915032679739 0.7122303921568627 0.09803921568627451 0.10958333333333334
5 0.33112745098039215 0.7042892156862746 0.10477124183006536 0.07928921568627452
5 0.2152941176470588 0.6963725490196079 0.02883986928104575 0.09803921568627451
5 0.2801797385620915 0.48875 0.03748366013071896 0.04036764705882353
5 0.5420915032679738 0.5428186274509804 0.03651960784313726 0.07928921568627452
5 0.7266503267973856 0.33882352941176475 0.03844771241830065 0.04036764705882353
5 0.41282679738562095 0.2220343137254902 0.027875816993464052 0.031715686274509804