5 0.297483660130719 0.4469362745098039 0.024035947712418303 0.031715686274509804
5 0.46375816993464053 0.5824754901960785 0.0336437908496732 0.0346078431372549
5 0.2907516339869281 0.6733088235294117 0.0432516339869281 0.049019607843137254
5 0.31142156862745096 0.5572303921568628 0.0230718954248366 0.03605392156862745
5 0.27200980392156865 0.4894852941176471 0.015375816993464053 0.041813725490196074
5 0.17397058823529413 0.49090686274509804 0.0461437908496732 0.04757352941176471
5 0.49452614379084964 0.3762990196078431 0.03748366013071896 0.06343137254901961
5 0.3340032679738562 0.35394607843137255 0.039411764705882354 0.08794117647058824
5 0.4065686274509804 0.6105882352941177 0.059591503267973855 0.08507352941176471
5 0.13264705882352942 0.5673284313725491 0.042287581699346405 0.04470588235294117
5 0.4603921568627451 0.5197549019607843 0.030751633986928106 0.03316176470588235