6 0.8044934640522876 0.8445833333333332 0.0538235294117647 0.3108333333333333
6 0.675702614379085 0.8354901960784313 0.1441830065359477 0.19752450980392158
8 0.7689379084967319 0.5644362745098039 0.09034313725490196 0.11678921568627451
7 0.716078431372549 0.4995588235294117 0.13264705882352942 0.050465686274509806
7 0.4084967320261438 0.7042892156862746 0.14225490196078433 0.041813725490196074
7 0.6266830065359477 0.6711274509803922 0.0961111111111111 0.024509803921568627
7 0.25470588235294117 0.46784313725490195 0.0672875816993464 0.027401960784313725
7 0.639656862745098 0.3337745098039216 0.12784313725490196 0.05333333333333334
7 0.5262418300653595 0.5766911764705882 0.183578431372549 0.031715686274509804
7 0.3979248366013072 0.5132598039215687 0.15955882352941178 0.0663235294117647
7 0.45367647058823524 0.45848039215686276 0.17109477124183006 0.12110294117647058