5 0.1455065359477124 0.4568506493506494 0.009330065359477124 0.017012987012987014
5 0.05913398692810457 0.5836363636363636 0.014003267973856209 0.038636363636363635
5 0.1027124183006536 0.4159090909090909 0.026454248366013074 0.0401948051948052
5 0.7586437908496733 0.33240259740259737 0.018676470588235294 0.021655844155844154
5 0.5283169934640523 0.6864610389610389 0.01712418300653595 0.027824675324675325
5 0.4228921568627451 0.3470779220779221 0.016339869281045753 0.038636363636363635
5 0.3968300653594771 0.1862987012987013 0.014003267973856209 0.029383116883116886
5 0.3524673202614379 0.025519480519480522 0.029575163398692813 0.026298701298701297
5 0.5045915032679739 0.17240259740259742 0.022565359477124184 0.03555194805194805
5 0.6874346405228757 0.16620129870129868 0.019444444444444445 0.023181818181818182
5 0.30617647058823527 0.17392857142857143 0.025669934640522876 0.04792207792207792
5 0.30772875816993467 0.35558441558441556 0.025669934640522876 0.04948051948051948
5 0.45284313725490194 0.26282467532467535 0.031127450980392157 0.04948051948051948