8 0.44790849673202615 0.5536274509803921 0.09034313725490196 0.09803921568627451
8 0.28401960784313723 0.37485294117647056 0.09323529411764707 0.09227941176470587
8 0.8280392156862745 0.5226470588235295 0.10284313725490196 0.11965686274509804
8 0.4334803921568628 0.2227450980392157 0.10573529411764705 0.08507352941176471
8 0.36380718954248364 0.8455882352941176 0.14321895424836603 0.10524509803921568
8 0.5718954248366013 0.5658823529411765 0.0961111111111111 0.09659313725490196
8 0.6161111111111112 0.36044117647058826 0.0461437908496732 0.17301470588235296
8 0.4488725490196078 0.9378676470588235 0.04805555555555555 0.07352941176470588
8 0.7420261437908496 0.8809068627450981 0.10957516339869282 0.18742647058823528
8 0.7689379084967319 0.6603186274509805 0.0346078431372549 0.1326470588235294
8 0.5757352941176471 0.7316911764705881 0.09034313725490196 0.1369607843137255
8 0.39022875816993463 0.3416911764705882 0.06919934640522876 0.10093137254901961
8 0.2907516339869281 0.585343137254902 0.16243464052287582 0.273921568627451