5 0.24222222222222223 0.6055392156862746 0.06535947712418301 0.09803921568627451
5 0.035081699346405225 0.6934803921568627 0.024035947712418303 0.05191176470588235
5 0.38975490196078433 0.724485294117647 0.052859477124183006 0.07928921568627452
5 0.3042156862745098 0.48299019607843136 0.0201797385620915 0.049019607843137254
5 0.2571078431372549 0.2638480392156863 0.0201797385620915 0.02306372549019608
5 0.7074183006535948 0.10598039215686275 0.02883986928104575 0.04470588235294117
5 0.13264705882352942 0.49884803921568627 0.05189542483660131 0.03747549019607843
5 0.40369281045751637 0.5882352941176471 0.0461437908496732 0.060563725490196084
5 0.9236764705882352 0.7396078431372549 0.032679738562091505 0.060563725490196084
5 0.7530718954248365 0.9450735294117646 0.014411764705882353 0.05333333333333334
5 0.10140522875816994 0.898921568627451 0.0336437908496732 0.05911764705882353
5 0.4166666666666667 0.8975 0.03748366013071896 0.08507352941176471
5 0.3359313725490196 0.7525980392156862 0.05094771241830065 0.028823529411764706
5 0.7400980392156863 0.3705392156862745 0.01730392156862745 0.08362745098039215
5 0.7026143790849673 0.33664215686274507 0.0346078431372549 0.06776960784313725
5 0.3301633986928105 0.06776960784313725 0.0413235294117647 0.049019607843137254
5 0.17204248366013072 0.02666666666666667 0.07305555555555555 0.050465686274509806