5 0.3623529411764706 0.5327205882352941 0.019215686274509803 0.03605392156862745
5 0.19944444444444445 0.18526960784313726 0.031715686274509804 0.056225490196078434
5 0.2167483660130719 0.5738235294117647 0.05094771241830065 0.04036764705882353
5 0.6843464052287581 0.17661764705882355 0.0538235294117647 0.15426470588235294
5 0.6065032679738562 0.4209803921568627 0.059591503267973855 0.0692156862745098
5 0.5031699346405228 0.4454901960784314 0.09707516339869281 0.0692156862745098
5 0.6151470588235295 0.2667156862745098 0.042287581699346405 0.0663235294117647
5 0.8852287581699346 0.5752696078431373 0.05766339869281046 0.07497549019607844
5 0.525751633986928 0.29051470588235295 0.049983660130718956 0.07352941176470588
5 0.66609477124183 0.4663970588235294 0.019215686274509803 0.09948529411764706
5 0.40513071895424835 0.25230392156862746 0.031715686274509804 0.05191176470588235