5 0.43709150326797386 0.18790849673202614 0.035408496732026146 0.032679738562091505
5 0.05241830065359477 0.25258169934640523 0.05310457516339869 0.06944444444444445
5 0.012254901960784314 0.5153921568627451 0.024509803921568627 0.07217320261437908
5 0.06263071895424836 0.6229575163398693 0.035408496732026146 0.04766339869281046
5 0.9245588235294119 0.6331699346405228 0.049019607843137254 0.04084967320261438
5 0.8197222222222222 0.48542483660130714 0.046290849673202614 0.03676470588235294
5 0.5140196078431373 0.4616013071895425 0.03132352941176471 0.04084967320261438
5 0.1511437908496732 0.80609477124183 0.04357843137254902 0.032679738562091505
5 0.23284313725490197 0.7509477124183006 0.032679738562091505 0.03949346405228758
5 0.4452614379084967 0.13480392156862744 0.032679738562091505 0.02723856209150327
5 0.4500326797385621 0.37241830065359477 0.03949346405228758 0.04493464052287582
5 0.610702614379085 0.6413398692810458 0.07488562091503267 0.04357843137254902
5 0.3424509803921569 0.7781862745098039 0.04766339869281046 0.058545751633986925
5 0.7400653594771243 0.2369281045751634 0.034035947712418295 0.03812091503267974
5 0.21854575163398693 0.20016339869281047 0.025866013071895424 0.04357843137254902