5 0.4868300653594771 0.49595588235294114 0.027875816993464052 0.04036764705882353
5 0.7684477124183007 0.12254901960784313 0.0201797385620915 0.02306372549019608
5 0.8564052287581699 0.8290196078431373 0.030751633986928106 0.05191176470588235
5 0.6656045751633988 0.6884313725490196 0.029803921568627448 0.056225490196078434
5 0.4137908496732026 0.6761764705882353 0.035555555555555556 0.04036764705882353
5 0.5781372549019608 0.2919607843137255 0.027875816993464052 0.038921568627450984
5 0.470016339869281 0.2220343137254902 0.019215686274509803 0.025955882352941176
5 0.11534313725490197 0.4404656862745098 0.03651960784313726 0.024509803921568627
5 0.3301633986928105 0.4354166666666667 0.052859477124183006 0.08362745098039215
5 0.9654901960784313 0.37485294117647056 0.05094771241830065 0.05191176470588235
5 0.8780228758169935 0.5363235294117646 0.029803921568627448 0.049019607843137254
5 0.5718954248366013 0.18382352941176472 0.07305555555555555 0.041813725490196074