5 0.3671732026143791 0.5363235294117646 0.030751633986928106 0.0346078431372549
5 0.3056535947712418 0.45414215686274506 0.03651960784313726 0.043259803921568626
5 0.24462418300653596 0.3532352941176471 0.0432516339869281 0.057671568627450986
5 0.33544117647058824 0.1521078431372549 0.02883986928104575 0.041813725490196074
5 0.1302450980392157 0.18742647058823528 0.0336437908496732 0.031715686274509804
5 0.6161111111111112 0.779264705882353 0.019215686274509803 0.05911764705882353
5 0.8136274509803921 0.9414705882352942 0.03748366013071896 0.07784313725490197
5 0.4512745098039216 0.8672058823529412 0.0201797385620915 0.03605392156862745
5 0.5238398692810458 0.8073774509803923 0.02883986928104575 0.028823529411764706
5 0.4060947712418301 0.6603186274509805 0.035555555555555556 0.031715686274509804
5 0.8761111111111111 0.5939950980392157 0.052859477124183006 0.05477941176470589
5 0.7006862745098039 0.5212009803921569 0.030751633986928106 0.04470588235294117
5 0.518545751633987 0.4159558823529412 0.0432516339869281 0.041813725490196074
5 0.4450163398692811 0.49090686274509804 0.08266339869281046 0.1369607843137255
5 0.23308823529411765 0.5175980392156863 0.0643954248366013 0.06343137254901961