5 0.2277941176470588 0.19945945945945948 0.021143790849673202 0.04914004914004914
5 0.3344934640522876 0.2507616707616708 0.024983660130718954 0.047690417690417694
5 0.6641666666666667 0.15031941031941032 0.042287581699346405 0.04914004914004914
5 0.6036111111111111 0.4017936117936118 0.03844771241830065 0.054914004914004916
5 0.37197712418300655 0.8606633906633907 0.021143790849673202 0.06793611793611794
5 0.27441176470588236 0.8064864864864865 0.03748366013071896 0.040466830466830465
5 0.5637254901960784 0.2485995085995086 0.031715686274509804 0.05203931203931204
5 0.4089705882352941 0.41407862407862406 0.03748366013071896 0.05058968058968059
5 0.1379248366013072 0.6966339066339066 0.024035947712418303 0.054914004914004916
5 0.0201797385620915 0.5029729729729729 0.030751633986928106 0.037567567567567565
5 0.713186274509804 0.04262899262899263 0.0442156862745098 0.06793611793611794
5 0.8020915032679738 0.38299754299754296 0.06248366013071896 0.06648648648648649
5 0.4488725490196078 0.6301474201474202 0.0538235294117647 0.13584766584766583
5 0.5166339869281046 0.12356265356265356 0.027875816993464052 0.06503685503685504
5 0.3229575163398693 0.3128992628992629 0.0346078431372549 0.05058968058968059
5 0.2691339869281046 0.3577149877149877 0.055751633986928104 0.056363636363636366